1.32
8.9
8.45
11.61
11.07
7.43
5.83
2.73
9.55
10.66
8.62
3.42
9.48
11.29
5.03
4.61
11.28
3.52
8.18
11.08
6.09
2.74
4.39
0.32
7.32
6.84
10.15
12.88
4.96
7.93
7.48
8.52
3.9
1.99
3.59
9.61
6.84
8.53
3.38
4.45
5.59
0.96
8.11
10.5
7.77
9.12
3.97
7.21
4.08
10.76
3.75
8.77
11.41
0.81
12.46
0.84
7.09
6.19
1.59
3.23
0.8
0.69
7.57
0.97
8.28
7.09
0.77
7.43
6.42
12.18
3.83
1.73
4.52
9.6
0.89
6.32
3.79
12.76
12.44
8.55
8.45
5.88
11.03
2.8
0.66
11.89
2.44
2.4
1.61
8.73
4.44
8.64
8.35
10.6
5.38
1.62
1.84
0.83
11.28
2.19
3.45
8.97
2.34
2.59
10.31
4.45
0.61
6.96
2.5
9.37
4.22
0.49
10.06
6.64
1.19
9.79
1.55
3.87
6.54
1.66
3.36
4.23
4.84
0.35
4.6
3.96
5.59
12.08
0.43
9.11
5.21
2.62
9.62
10.15
8.4
11.04
5.8
3.08
10.77
1.13
4.36
4.95
1.03
0.48
1.1
0.6
3.38
10.12
0.73
7.36
8.5
2.11
2.84
9.99
4.52
6.08
11.79
0.53
9.28
0.92
6.65
10.9
0.37
5.56
3.37
4.42
5.81
2.28
4.15
5.62
7.32
5.43
9.56
9.92
9.35
5.26
2.29
12.54
6.32
1.37
4.56
9.0
8.21
12.8
0.19
0.84
9.0
12.23
7.97
1.83
8.92
12.65
6.81
10.14
7.6
11.77
4.81
2.44
2.41
10.88
6.88
6.35
6.46
5.13
5.35
1.05
10.47
1.93
9.93
2.16
1.97
1.95
7.63
9.14
0.18
11.68
1.98
0.85
8.25
5.23
1.03
0.91
11.16
4.22
4.89
10.42
7.55
4.62
3.8
4.92
3.64
12.75
2.04
6.46
1.2
0.68
5.9
12.8
10.91
1.96
6.24
12.13
12.61
9.24
7.41
5.02
12.89
11.34
11.88
4.3
10.63
12.2
1.2
9.16
7.77
7.84
4.18
6.86
2.22
6.4
2.21
3.51
11.48
0.16
9.14
4.09
6.32
2.78
5.01
11.63
11.95
6.51
0.91
1.35
11.12
11.23
2.59
2.66
9.46
7.31
1.56
4.59
10.66
9.31
1.29
12.6
4.65
6.95
11.39
7.88
6.52
7.53
10.63
12.14
9.52
0.5
12.49
6.81
11.98
6.35
10.59
10.62
9.13
7.47
5.02
8.36
12.95
11.22
8.93
7.17
11.29
11.1
12.89
10.3
9.07
4.62
2.76
11.44
12.28
11.4
7.05
5.43
12.49
10.26
12.56
7.54
8.12
9.66
2.55
7.84
8.47
11.12
5.22
5.0
12.54
5.1
0.79
6.03
2.99
2.65
3.14
5.33
7.94
10.99
2.49
4.23
10.5
5.97
6.17
8.72
11.59
12.67
12.11
3.8
5.18
8.72
3.73
9.64
7.21
8.26
7.25
4.89
4.62
1.07
2.29
2.37
6.02
8.04
3.81
3.38
7.24
9.09
6.79
2.64
12.73
8.13
5.38
6.74
10.13
11.28
2.03
12.81
0.13
9.22
9.94
8.69
1.75
0.79
4.52
2.29
2.05
12.9
11.69
4.29
3.82
7.81
7.53
5.59
1.73
12.62
0.23
8.73
3.95
12.63
1.62
4.68
5.49
12.43
11.83
3.27
9.91
6.6
6.64
5.19
5.28
2.36
4.42
9.1
3.52
3.43
3.29
12.73
0.4
0.7
6.42
7.42
12.46
3.83
10.96
2.41
0.88
4.82
2.63
4.73
8.62
12.46
5.53
3.76
6.03
7.69
9.68
6.04
12.31
11.78
5.36
1.11
7.01
1.56
6.42
2.29
7.99
5.31
2.09
7.8
7.55
10.35
11.78
0.87
4.11
4.0
12.3
5.43
6.5
1.19
3.15
8.88
4.85
2.76
8.6
1.18
0.96
10.84
11.66
10.37
1.61
7.03
0.83
2.26
9.21
12.93
11.72
0.12
9.22
9.8
11.28
2.63
9.64
8.73
6.88
11.35
5.11
6.21
4.1
8.92
7.89
8.61
0.92
4.81
5.27
1.44
1.03
0.94
2.99
9.76
1.61
10.09
12.02
7.79
9.33
5.61
4.15
8.34
10.99
10.43
3.42
8.58
8.55
2.87
6.95
4.95
10.2
10.73
10.68
1.49
2.3
8.63
10.26
0.93
3.23
4.95
4.13
0.34
5.43
3.6
2.7
11.74
5.9
7.57
0.89
11.59
8.48
9.27
7.95
9.06
5.21
8.09
5.13
9.22
8.22
2.28
7.59
9.76
5.93
0.23
5.34
10.55
8.51
7.4
10.26
10.06
7.09
10.49
12.0
9.48
2.82
5.27
0.72
3.63
7.42
12.65
6.66
6.53
7.72
5.58
0.33
11.32
5.49
9.89
1.48
2.87
12.49
11.63
8.25
7.47
0.42
9.6
5.23
7.16
6.04
4.85
9.16
2.01
9.42
2.62
9.21
6.69
4.03
5.72
6.81
12.99
12.53
0.3
0.42
9.99
3.38
8.48
6.39
6.81
11.73
10.32
11.99
3.65
4.19
2.14
1.19
1.47
6.49
3.5
12.48
7.09
12.59
9.39
5.84
2.34
10.81
3.62
5.58
11.03
0.11
0.27
3.76
4.01
11.68
11.69
4.43
8.77
5.75
2.02
6.54
10.01
10.83
1.88
12.91
3.96
5.86
8.65
10.2
11.99
4.77
8.22
0.29
5.56
0.23
3.28
0.39
3.28
12.45
10.09
1.18
12.87
3.79
5.93
1.04
2.33
7.39
11.38
11.99
6.39
3.66
1.91
7.01
1.53
9.05
6.04
2.31
12.47
11.68
12.58
0.94
12.12
8.3
12.93
11.48
8.91
8.07
4.0
0.59
5.37
7.88
0.48
1.41
11.91
7.5
2.97
0.83
5.63
9.43
7.96
5.48
9.04
0.93
4.12
7.87
7.93
0.63
11.34
4.59
8.33
7.02
10.78
2.01
12.86
1.31
6.94
4.91
7.63
3.32
11.38
8.11
3.49
5.34
0.43
3.22
3.31
2.98
7.73
6.96
0.96
4.19
5.67
10.43
3.48
5.57
6.42
4.34
8.76
8.1
5.09
0.12
0.16
11.16
5.45
10.83
12.43
8.07
2.85
4.62
2.38
3.19
4.41
6.03
1.7
3.59
7.81
7.41
12.09
7.51
10.5
9.3
12.76
2.18
10.04
6.06
11.97
4.06
7.3
9.62
7.95
8.03
10.49
11.75
8.95
6.38
7.53
1.87
5.86
4.04
7.62
1.97
3.75
10.54
3.77
3.17
6.48
6.28
12.54
2.76
2.65
9.53
1.89
12.72
7.09
11.07
7.88
2.05
10.02
12.75
3.64
12.03
4.02
4.39
10.07
9.01
11.23
10.49
4.72
0.69
7.35
7.23
3.75
7.9
12.97
0.44
11.89
6.05
0.46
3.3
1.13
6.41
1.28
11.35
7.35
11.98
3.88
3.93
5.38
11.86
3.78
10.18
12.77
9.15
12.44
2.87
7.74
2.53
0.31
0.64
9.32
11.09
8.11
0.24
10.57
8.55
12.3
9.77
6.72
4.01
10.62
10.03
9.89
0.86
4.34
8.93
12.99
1.04
2.85
7.61
10.85
4.7
5.57
10.65
4.07
9.42
7.84
10.54
0.39
9.78
5.04
10.53
1.49
9.42
10.03
6.09
4.21
3.09
4.33
1.95
12.04
1.73
11.81
12.49
12.85
2.54
4.25
9.37
1.21
12.71
9.43
4.26
6.43
1.24
2.12
10.03
11.16
3.45
6.7
1.7
2.56
11.38
7.22
7.5
8.1
3.05
4.75
9.3
12.58
2.11
12.8
5.4
2.08
12.03
0.92
7.84
9.7
7.98
3.92
5.94
3.45
8.44
10.24
4.87
7.69
1.15
2.66
7.74
7.94
11.67
8.59
9.0
6.79
4.08
0.52
10.38
8.61
11.47
3.11
2.3
11.68
3.87
2.48
8.37
6.35
0.83
4.55
9.54
9.81
6.27
5.26
9.46
10.86
10.95
12.45
3.44
7.73
1.61
0.35
5.65
11.65
1.22
6.13
10.73
0.3
8.74
6.01
6.03
2.11
10.95
11.91
6.49
0.68
5.79
3.78
2.25
4.25
7.34
6.32
1.43
5.67
11.52
2.95
0.77
7.28
8.41
12.47
11.61
1.24
6.0
0.23
12.83
1.65
10.45
11.22
9.19
8.83
12.04
7.04
11.87
2.76
2.82
4.26
